%YAML:1.0
---
world2cam: !!opencv-matrix
   rows: 3
   cols: 3
   dt: d
   data: [ 2.5100992175007264e+01, -2.6938146039020626e+01,
       1.9593194468123747e+00, -1.7789257847363837e-01,
       2.7850999699439362e-02, 6.5508712048189039e+00,
       4.9204766522015171e-02, 2.7934221750401444e-04,
       3.7597175458494313e-03 ]
cam2world: !!opencv-matrix
   rows: 3
   cols: 3
   dt: d
   data: [ 1.9723175199935528e-04, -1.1641130132167091e-02,
       2.0180533043207610e+01, -3.6926490517778791e-02,
       2.3267082867697142e-04, 1.8838275343429714e+01,
       1.6234874843054509e-04, 1.5233434119345490e-01,
       4.6792283976610161e-01 ]
